Pos:1-1(+)	-291	6.09108	-259	5.5831127	42	6.7370176	-224	6.27222	195	6.0046253	244	9.21948	
Pos:1-2(+)	-269	5.7082567	-197	5.769877	244	7.137726	
Neg:2-3(+)	-91	9.252476	-66	5.852845	-12	6.0589247	
Neg:2-4(+)	83	5.9157405	125	7.6860604	
Neg:2-5(+)	-223	5.7435045	275	8.908591	
