Pos:1-1(+)	156	7.930575	
Pos:1-2(+)	-85	7.2249503	-23	5.546162	
Neg:2-3(+)	13	6.269209	-240	5.5382853	236	6.4199286	278	6.314407	
Neg:2-4(+)	75	7.927533	-166	7.6745906	-96	5.479062	
