Pos:1-1(+)	227	13.485207	
Pos:1-2(+)	83	11.85518	244	7.685204	
