MEME version 4.4

ALPHABET= ACGT

strands: + -

Background letter frequencies (from uniform background):
A 0.25000 C 0.25000 G 0.25000 T 0.25000 

MOTIF M0085_1.02 (TFAP2E)_(Mus_musculus)_(DBD_0.99)

letter-probability matrix: alength= 4 w= 10 nsites= 1 E= 0
0.213214	  0.176319	  0.135951	  0.474516
0.222124	  0.321576	  0.134725	  0.321576
0.004784	  0.213834	  0.753855	  0.027528
0.000431	  0.961004	  0.000168	  0.038397
0.000296	  0.937765	  0.000164	  0.061775
0.001274	  0.327763	  0.135950	  0.535013
0.122837	  0.314460	  0.391841	  0.170862
0.454990	  0.254748	  0.230506	  0.059756
0.118505	  0.001133	  0.841307	  0.039054
0.002871	  0.001657	  0.957955	  0.037517

URL http://cisbp.ccbr.utoronto.ca/TFreport.php?searchTF=T004846_1.02

MOTIF M0104_1.02 (ARID3B)_(Mus_musculus)_(DBD_0.99)

letter-probability matrix: alength= 4 w= 11 nsites= 1 E= 0
0.467943	  0.177352	  0.177352	  0.177352
0.273411	  0.080067	  0.080067	  0.566454
0.609177	  0.119174	  0.033749	  0.237901
0.104443	  0.000141	  0.000141	  0.895276
0.000141	  0.000141	  0.000141	  0.999578
0.999578	  0.000141	  0.000141	  0.000141
0.910941	  0.000141	  0.000141	  0.088778
0.088778	  0.000141	  0.000141	  0.910941
0.261793	  0.167866	  0.072788	  0.497552
0.489780	  0.170073	  0.170073	  0.170073
0.350824	  0.216392	  0.216392	  0.216392

URL http://cisbp.ccbr.utoronto.ca/TFreport.php?searchTF=T007410_1.02

MOTIF M0105_1.02 (ARID3C)_(Mus_musculus)_(DBD_0.87)

letter-probability matrix: alength= 4 w= 9 nsites= 1 E= 0
0.265180	  0.185010	  0.202433	  0.347377
0.185396	  0.187259	  0.108039	  0.519306
0.151265	  0.141039	  0.100387	  0.607308
0.095920	  0.138866	  0.056459	  0.708755
0.354424	  0.113351	  0.333784	  0.198441
0.739186	  0.094212	  0.057143	  0.109459
0.023279	  0.024473	  0.020037	  0.932211
0.285933	  0.246105	  0.089636	  0.378326
0.254088	  0.232219	  0.267115	  0.246578

URL http://cisbp.ccbr.utoronto.ca/TFreport.php?searchTF=T007412_1.02

MOTIF M0110_1.02 (ARID5A)_(Rattus_norvegicus)_(DBD_0.97)

letter-probability matrix: alength= 4 w= 10 nsites= 1 E= 0
0.229320	  0.255984	  0.250916	  0.263780
0.194317	  0.317186	  0.177592	  0.310905
0.229015	  0.255644	  0.331553	  0.183789
0.525746	  0.074800	  0.294364	  0.105090
0.330068	  0.122646	  0.088173	  0.459114
0.930616	  0.000580	  0.049198	  0.019606
0.034070	  0.021942	  0.020255	  0.923732
0.151462	  0.217095	  0.053002	  0.578440
0.292785	  0.179368	  0.323578	  0.204269
0.247457	  0.254993	  0.242557	  0.254993

URL http://cisbp.ccbr.utoronto.ca/TFreport.php?searchTF=T007411_1.02

MOTIF M0177_1.02 (TWIST2)_(Mus_musculus)_(DBD_1.00)

letter-probability matrix: alength= 4 w= 10 nsites= 1 E= 0
0.301828	  0.199871	  0.298430	  0.199871
0.282456	  0.579511	  0.069016	  0.069016
0.000139	  0.999582	  0.000139	  0.000139
0.999582	  0.000139	  0.000139	  0.000139
0.000139	  0.217001	  0.000139	  0.782721
0.789108	  0.000139	  0.210614	  0.000139
0.000139	  0.000139	  0.000139	  0.999582
0.000139	  0.000139	  0.999582	  0.000139
0.050268	  0.050268	  0.154736	  0.744728
0.181123	  0.181123	  0.272271	  0.365483

URL http://cisbp.ccbr.utoronto.ca/TFreport.php?searchTF=T014270_1.02

MOTIF M0178_1.02 (ASCL2)_(Mus_musculus)_(DBD_0.98)

letter-probability matrix: alength= 4 w= 10 nsites= 1 E= 0
0.315548	  0.181281	  0.304970	  0.198202
0.342567	  0.215650	  0.329097	  0.112687
0.036295	  0.956859	  0.000000	  0.006845
0.887444	  0.026036	  0.052040	  0.034479
0.022313	  0.233167	  0.582932	  0.161589
0.161589	  0.582932	  0.233167	  0.022313
0.034479	  0.052040	  0.026036	  0.887444
0.006845	  0.000000	  0.956859	  0.036295
0.112687	  0.329097	  0.215650	  0.342567
0.198202	  0.304970	  0.181281	  0.315548

URL http://cisbp.ccbr.utoronto.ca/TFreport.php?searchTF=T014253_1.02

MOTIF M0189_1.02 (ID2)_(Mus_musculus)_(DBD_0.98)

letter-probability matrix: alength= 4 w= 8 nsites= 1 E= 0
0.277716	  0.166851	  0.499446	  0.055987
0.000370	  0.998891	  0.000370	  0.000370
0.999001	  0.000333	  0.000333	  0.000333
0.000333	  0.999001	  0.000333	  0.000333
0.000333	  0.000333	  0.999001	  0.000333
0.000333	  0.000333	  0.000333	  0.999001
0.000344	  0.000344	  0.998967	  0.000344
0.499546	  0.045826	  0.272686	  0.181942

URL http://cisbp.ccbr.utoronto.ca/TFreport.php?searchTF=T014186_1.02

MOTIF M0196_1.02 (NPAS2)_(Mus_musculus)_(DBD_1.00)

letter-probability matrix: alength= 4 w= 10 nsites= 1 E= 0
0.273313	  0.176530	  0.292754	  0.257403
0.154185	  0.377249	  0.420347	  0.048219
0.000226	  0.999321	  0.000226	  0.000226
0.999321	  0.000226	  0.000226	  0.000226
0.081100	  0.918447	  0.000226	  0.000226
0.081100	  0.000226	  0.918447	  0.000226
0.000226	  0.000226	  0.000226	  0.999321
0.081100	  0.000226	  0.918447	  0.000226
0.073697	  0.172181	  0.187665	  0.566457
0.297058	  0.298928	  0.202007	  0.202007

URL http://cisbp.ccbr.utoronto.ca/TFreport.php?searchTF=T014232_1.02

MOTIF M0198_1.02 (SOHLH2)_(Mus_musculus)_(DBD_0.84)

letter-probability matrix: alength= 4 w= 10 nsites= 1 E= 0
0.314175	  0.219192	  0.249622	  0.217011
0.209218	  0.174753	  0.434144	  0.181885
0.159171	  0.387601	  0.102512	  0.350716
0.253998	  0.378920	  0.186294	  0.180788
0.131112	  0.769738	  0.026471	  0.072679
0.075648	  0.029847	  0.894341	  0.000165
0.109744	  0.024733	  0.070679	  0.794844
0.000431	  0.092665	  0.896940	  0.009964
0.171237	  0.574240	  0.137421	  0.117102
0.291434	  0.191486	  0.303328	  0.213752

URL http://cisbp.ccbr.utoronto.ca/TFreport.php?searchTF=T014192_1.02

MOTIF M0199_1.02 (HES2)_(Mus_musculus)_(DBD_0.83)

letter-probability matrix: alength= 4 w= 13 nsites= 1 E= 0
0.214247	  0.214247	  0.214247	  0.357260
0.341052	  0.197239	  0.197239	  0.264469
0.341052	  0.197239	  0.197239	  0.264469
0.245377	  0.332697	  0.244578	  0.177348
0.082925	  0.152323	  0.681827	  0.082925
0.602961	  0.000158	  0.396723	  0.000158
0.281517	  0.718168	  0.000158	  0.000158
0.930129	  0.000158	  0.069555	  0.000158
0.174257	  0.753921	  0.035911	  0.035911
0.123235	  0.052918	  0.770928	  0.052918
0.052918	  0.052918	  0.052918	  0.841245
0.143126	  0.072810	  0.711254	  0.072810
0.237549	  0.427986	  0.167232	  0.167232

URL http://cisbp.ccbr.utoronto.ca/TFreport.php?searchTF=T014167_1.02

MOTIF M0211_1.02 (MLXIP)_(Mus_musculus)_(DBD_0.82)

letter-probability matrix: alength= 4 w= 8 nsites= 1 E= 0
0.053046	  0.263130	  0.420693	  0.263130
0.000399	  0.998802	  0.000399	  0.000399
0.998802	  0.000399	  0.000399	  0.000399
0.000399	  0.998802	  0.000399	  0.000399
0.000399	  0.000399	  0.998802	  0.000399
0.000399	  0.000399	  0.000399	  0.998802
0.000399	  0.000399	  0.998802	  0.000399
0.187656	  0.062968	  0.250000	  0.499377

URL http://cisbp.ccbr.utoronto.ca/TFreport.php?searchTF=T014240_1.02

MOTIF M0212_1.02 (TCFL5)_(Mus_musculus)_(DBD_1.00)

letter-probability matrix: alength= 4 w= 10 nsites= 1 E= 0
0.263325	  0.202596	  0.307948	  0.226130
0.113138	  0.226680	  0.364435	  0.295747
0.058154	  0.874211	  0.016939	  0.050696
0.372199	  0.064471	  0.336403	  0.226927
0.006221	  0.903915	  0.018504	  0.071360
0.071360	  0.018504	  0.903915	  0.006221
0.226927	  0.336403	  0.064471	  0.372199
0.050696	  0.016939	  0.874211	  0.058154
0.295747	  0.364435	  0.226680	  0.113138
0.226130	  0.307948	  0.202596	  0.263325

URL http://cisbp.ccbr.utoronto.ca/TFreport.php?searchTF=T014174_1.02

MOTIF M0214_1.02 (TCF21)_(Mus_musculus)_(DBD_1.00)

letter-probability matrix: alength= 4 w= 9 nsites= 1 E= 0
0.745050	  0.002475	  0.250000	  0.002475
0.747512	  0.250000	  0.001244	  0.001244
0.001244	  0.996269	  0.001244	  0.001244
0.996269	  0.001244	  0.001244	  0.001244
0.001244	  0.001244	  0.374378	  0.623134
0.623134	  0.374378	  0.001244	  0.001244
0.001244	  0.001244	  0.001244	  0.996269
0.001244	  0.001244	  0.996269	  0.001244
0.002475	  0.002475	  0.497525	  0.497525

URL http://cisbp.ccbr.utoronto.ca/TFreport.php?searchTF=T014190_1.02

MOTIF M0216_1.02 (NHLH2)_(Mus_musculus)_(DBD_1.00)

letter-probability matrix: alength= 4 w= 10 nsites= 1 E= 0
0.282767	  0.305521	  0.171954	  0.239759
0.037628	  0.037628	  0.674128	  0.250617
0.000178	  0.862732	  0.000178	  0.136912
0.930537	  0.000178	  0.069106	  0.000178
0.071132	  0.077413	  0.714543	  0.136912
0.145218	  0.714543	  0.069106	  0.071132
0.000178	  0.067984	  0.000178	  0.931660
0.077413	  0.000178	  0.922231	  0.000178
0.152455	  0.301874	  0.078225	  0.467447
0.281479	  0.212551	  0.293420	  0.212551

URL http://cisbp.ccbr.utoronto.ca/TFreport.php?searchTF=T014244_1.02

MOTIF M0217_1.02 (NEUROG1)_(Mus_musculus)_(DBD_1.00)

letter-probability matrix: alength= 4 w= 10 nsites= 1 E= 0
0.424799	  0.113479	  0.235478	  0.226244
0.169637	  0.592091	  0.171342	  0.066931
0.271365	  0.687777	  0.026936	  0.013922
0.665113	  0.034812	  0.186785	  0.113291
0.001368	  0.064301	  0.143105	  0.791225
0.793894	  0.140745	  0.056090	  0.009272
0.075714	  0.150952	  0.010559	  0.762775
0.011683	  0.000903	  0.869711	  0.117703
0.038634	  0.150525	  0.421629	  0.389213
0.091763	  0.270213	  0.234912	  0.403111

URL http://cisbp.ccbr.utoronto.ca/TFreport.php?searchTF=T014251_1.02

MOTIF M0300_1.02 (ATF2)_(Mus_musculus)_(DBD_1.00)

letter-probability matrix: alength= 4 w= 10 nsites= 1 E= 0
0.291870	  0.184253	  0.277636	  0.246241
0.530199	  0.133387	  0.274034	  0.062380
0.035631	  0.062379	  0.001238	  0.900752
0.073796	  0.082377	  0.556301	  0.287525
0.757933	  0.025806	  0.125285	  0.090976
0.084682	  0.638364	  0.084682	  0.192271
0.156906	  0.065082	  0.710273	  0.067738
0.117142	  0.166233	  0.068950	  0.647675
0.368627	  0.407396	  0.102492	  0.121484
0.489340	  0.124345	  0.187365	  0.198951

URL http://cisbp.ccbr.utoronto.ca/TFreport.php?searchTF=T025275_1.02

MOTIF M0305_1.02 (CREB3L2)_(Mus_musculus)_(DBD_1.00)

letter-probability matrix: alength= 4 w= 9 nsites= 1 E= 0
0.002475	  0.002475	  0.745050	  0.250000
0.250000	  0.623134	  0.001244	  0.125622
0.001244	  0.871891	  0.125622	  0.001244
0.996269	  0.001244	  0.001244	  0.001244
0.001244	  0.996269	  0.001244	  0.001244
0.001244	  0.001244	  0.996269	  0.001244
0.001244	  0.001244	  0.001244	  0.996269
0.001420	  0.143466	  0.853693	  0.001420
0.250000	  0.002475	  0.250000	  0.497525

URL http://cisbp.ccbr.utoronto.ca/TFreport.php?searchTF=T025318_1.02

MOTIF M0307_1.02 (ENSG00000250542)_(Mus_musculus)_(DBD_1.00)

letter-probability matrix: alength= 4 w= 8 nsites= 1 E= 0
0.498756	  0.125622	  0.001244	  0.374378
0.498756	  0.001244	  0.001244	  0.498756
0.996681	  0.001106	  0.001106	  0.001106
0.001106	  0.996681	  0.001106	  0.001106
0.001106	  0.001106	  0.996681	  0.001106
0.001106	  0.001106	  0.001106	  0.996681
0.498756	  0.001244	  0.001244	  0.498756
0.200397	  0.001984	  0.398810	  0.398810

URL http://cisbp.ccbr.utoronto.ca/TFreport.php?searchTF=T025331_1.02

MOTIF M0395_1.02 (ZNF187)_(Mus_musculus)_(DBD_0.88)

letter-probability matrix: alength= 4 w= 8 nsites= 1 E= 0
0.000093	  0.000093	  0.999721	  0.000093
0.185064	  0.000093	  0.259544	  0.555300
0.809118	  0.000093	  0.190696	  0.000093
0.000093	  0.795572	  0.000093	  0.204242
0.198253	  0.107873	  0.081000	  0.612874
0.999721	  0.000093	  0.000093	  0.000093
0.720654	  0.000093	  0.279160	  0.000093
0.000093	  0.000093	  0.279160	  0.720654

URL http://cisbp.ccbr.utoronto.ca/TFreport.php?searchTF=T044757_1.02

MOTIF M0396_1.02 (OSR2)_(Mus_musculus)_(DBD_1.00)

letter-probability matrix: alength= 4 w= 10 nsites= 1 E= 0
0.421366	  0.195525	  0.181878	  0.201232
0.443805	  0.205154	  0.147552	  0.203489
0.163505	  0.668656	  0.069838	  0.098002
0.486448	  0.000004	  0.513153	  0.000396
0.006671	  0.000189	  0.993136	  0.000004
0.203978	  0.028198	  0.090710	  0.677114
0.859283	  0.000001	  0.104554	  0.036161
0.044236	  0.000000	  0.942389	  0.013374
0.034714	  0.675756	  0.116217	  0.173312
0.351094	  0.201449	  0.184650	  0.262806

URL http://cisbp.ccbr.utoronto.ca/TFreport.php?searchTF=T044457_1.02

